% -------------------------------------------------------------------
%  Generated by MATLAB on 17-Apr-2025 23:43:32
%  MATLAB version: 24.2.0.2863752 (R2024b) Update 5
% -------------------------------------------------------------------
                                        

ADCres = 12;

blockPath = ['/Users/maryzhang/Downloads/EarEEG_Matlab/Data/25-31-03/20' ...
             '25.03.31.17.53.13_AAO-18.bin'];

channel = 1;

expDay = '25-31-03';

fileN = 7;

fsBionode = 25000;

